56.080002
55.98
56.150002
53.709999
53.700001
53.950001
53.84
53.560001
52.939999
52.50
51.73
51.419998
50.779999
50.830002
51.130001
50.720001
49.91
48.919998
49.099998
49.810001
51.279999
51.080002
50.200001
50.639999
50.41
49.52
49.779999
49.900002
49.580002
51.049999
52.00
52.02
52.240002
51.990002
52.380001
52.639999
52.439999
52.259998
51.919998
51.93
51.919998
50.700001
50.599998
50.48
50.470001
50.48
51.720001
50.799999
51.439999
51.200001
51.130001
50.330002
50.490002
49.919998
49.869999
49.84
50.34
50.00
49.349998
50.619999
51.48
52.259998
51.779999
51.91
55.799999
56.290001
56.630001
55.490002
55.299999
55.220001
55.119999
54.369999
54.490002
54.669998
54.869999
54.360001
55.189999
55.43
55.049999
54.950001
54.93
53.66
54.209999
53.84
54.110001
53.610001
53.25
54.919998
54.209999
53.450001
52.75
52.709999
53.00
52.93
51.889999
50.799999
51.560001
52.400002
52.970001
52.41
50.970001
51.349998
52.599998
51.73
50.689999
52.34
52.279999
51.970001
52.330002
51.490002
50.900002
50.25
48.68
49.889999
49.02
49.549999
51.939999
52.099998
53.25
54.169998
54.880001
54.73
51.860001
52.009998
51.790001
51.939999
51.41
51.00
49.98
51.48
51.310001
52.00
53.799999
52.759998
52.509998
52.369999
52.700001
54.32
54.93
54.32
56.040001
56.470001
56.290001
55.349998
55.860001
55.700001
54.990002
54.880001
55.77
56.360001
55.540001
55.66
54.330002
54.709999
55.389999
55.369999
55.470001
55.790001
54.119999
55.490002
55.32
54.41
54.540001
53.799999
54.09
53.919998
54.25
54.25
53.990002
53.00
53.169998
53.080002
53.07
53.48
53.700001
54.07
54.549999
54.09
54.490002
54.18
52.93
52.849998
53.32
53.540001
53.540001
53.990002
52.529999
52.299999
47.529999
47.919998
47.439999
47.419998
47.02
47.009998
46.650002
46.560001
46.98
47.450001
46.560001
47.099998
46.330002
45.75
44.27
44.75
43.880001
43.369999
43.830002
44.48
43.450001
43.93
43.380001
43.619999
43.50
44.290001
43.970001
43.189999
43.43
43.139999
43.119999
44.209999
43.299999
42.810001
43.41
42.360001
42.169998
43.560001
43.400002
43.23
42.009998
42.57
40.450001
45.299999
46.07
46.779999
46.84
46.810001
46.529999
47.060001
46.189999
46.82
46.950001
46.389999
47.709999
47.98
46.75
46.98
47.290001
46.259998
45.400002
45.580002
45.939999
45.91
45.27
45.439999
46.779999
46.650002
46.549999
46.009998
45.68
45.450001
44.98
45.009998
44.75
44.439999
44.34
43.959999
44.48
44.459999
44.709999
45.040001
45.650002
46.029999
45.669998
46.130001
46.330002
46.790001
46.220001
45.73
45.349998
45.450001
46.220001
46.66
45.790001
45.759998
46.299999
46.310001
46.790001
47.369999
46.93
47.060001
47.43
47.50
46.82
46.830002
47.299999
47.279999
47.389999
47.560001
47.98
48.869999
48.029999
48.189999
46.849998
47.549999
47.549999
46.27
47.57
47.82
48.369999
48.580002
48.700001
48.720001
47.779999
47.23
45.66
42.889999
42.669998
43.00
41.73
41.669998
41.950001
41.759998
41.799999
41.400002
41.630001
41.25
41.459999
41.610001
40.34
40.66
40.599998
40.779999
41.099998
41.119999
41.220001
42.919998
42.779999
42.880001
42.560001
42.259998
41.43
41.369999
41.470001
40.700001
41.330002
42.310001
42.349998
42.189999
43.00
43.07
43.009998
43.560001
43.669998
44.130001
43.990002
43.950001
44.150002
43.700001
43.509998
43.18
43.630001
43.970001
43.380001
42.66
42.650002
42.740002
42.240002
42.68
42.220001
41.939999
41.630001
40.59
41.549999
40.93
42.740002
42.950001
47.00
47.360001
46.380001
45.939999
46.299999
45.310001
46.220001
45.959999
46.970001
47.419998
47.610001
46.75
45.98
46.380001
46.369999
46.66
46.73
47.439999
47.700001
48.41
48.639999
48.369999
47.779999
47.630001
46.580002
45.049999
45.900002
47.200001
46.779999
47.080002
47.580002
47.110001
48.259998
48.82
48.389999
48.439999
48.84
47.880001
47.950001
47.490002
47.66
47.990002
49.02
48.00
48.66
49.130001
49.41
49.740002
48.810001
48.560001
48.849998
48.650002
48.919998
47.860001
47.799999
47.299999
46.889999
46.939999
46.32
46.439999
45.860001
45.709999
46.830002
44.619999
45.00
44.360001
43.060001
43.200001
42.529999
43.00
43.869999
43.82
45.599998
46.50
45.48
45.860001
46.119999
45.98
45.830002
46.27
46.369999
45.98
45.93
46.880001
46.630001
46.849998
47.299999
46.810001
46.59
46.259998
46.389999
46.540001
46.91
46.740002
46.82
46.470001
46.02
45.110001
44.740002
44.529999
45.43
45.09
44.75
44.900002
45.310001
45.400002
45.349998
44.84
45.34
44.970001
44.939999
44.580002
44.080002
43.68
43.040001
43.259998
43.23
42.84
42.740002
43.310001
42.970001
43.209999
43.380001
44.07
43.91
44.360001
44.299999
44.93
45.450001
45.00
44.560001
44.650002
45.450001
42.509998
42.330002
42.220001
41.700001
41.369999
41.98
41.869999
41.75
41.91
41.73
41.860001
42.169998
41.610001
41.93
41.700001
41.830002
41.73
41.450001
41.57
41.610001
41.290001
41.040001
41.099998
40.810001
40.93
41.029999
41.389999
41.48
40.59
40.209999
40.599998
40.950001
40.450001
40.150002
40.139999
40.259998
40.369999
40.290001
39.799999
39.68
39.610001
39.669998
40.09
40.299999
39.919998
39.740002
39.540001
39.34
39.220001
39.290001
39.52
40.310001
40.240002
40.400002
41.099998
40.139999
40.290001
39.740002
39.990002
39.959999
40.130001
40.009998
40.060001
39.34
39.110001
39.00
40.439999
39.93
39.75
39.959999
41.25
41.290001
41.439999
41.150002
40.43
39.790001
39.740002
40.48
40.66
40.34
40.720001
39.25
39.470001
38.259998
37.900002
37.650002
38.419998
37.799999
37.869999
37.990002
38.279999
38.139999
38.25
38.200001
37.919998
37.98
37.450001
37.580002
37.610001
37.689999
37.939999
37.57
37.220001
37.630001
37.389999
37.330002
37.349998
36.880001
36.630001
36.32
35.799999
36.290001
36.970001
37.740002
36.950001
36.790001
35.98
36.119999
36.869999
37.450001
36.09
36.259998
36.82
36.830002
36.689999
35.900002
34.73
35.990002
35.900002
35.880001
36.00
36.330002
36.849998
37.200001
37.349998
37.400002
37.220001
37.580002
37.200001
36.720001
36.810001
36.200001
36.509998
36.360001
36.939999
36.73
37.419998
37.639999
38.060001
38.610001
38.560001
38.419998
38.849998
38.209999
38.139999
38.09
37.82
37.57
37.57
37.93
37.529999
37.27
36.919998
36.849998
37.349998
37.950001
37.869999
36.98
37.380001
37.689999
37.669998
37.959999
37.240002
35.790001
35.59
35.669998
35.66
35.529999
35.630001
35.610001
35.880001
33.82
34.349998
35.02
34.98
34.82
34.450001
34.599998
34.669998
33.900002
33.68
33.310001
33.07
33.310001
33.599998
33.689999
33.880001
33.360001
33.349998
33.00
32.880001
32.639999
32.490002
32.869999
32.540001
33.41
33.48
32.990002
33.419998
33.380001
32.77
32.720001
32.57
31.90
31.219999
31.309999
31.10
31.389999
31.75
33.369999
32.93
33.389999
33.52
34.400002
35.169998
32.189999
31.610001
31.440001
31.76
31.790001
32.00
32.139999
32.509998
32.459999
32.77
32.240002
31.540001
31.549999
31.90
31.690001
32.060001
31.969999
31.780001
31.469999
31.26
31.620001
32.040001
31.91
31.700001
32.400002
35.720001
36.34
36.009998
35.66
35.580002
35.00
34.34
34.580002
34.349998
34.09
33.66
34.41
34.75
34.380001
34.52
34.119999
34.080002
32.939999
33.66
34.259998
34.959999
34.970001
34.689999
34.549999
34.990002
35.139999
35.049999
35.509998
35.25
34.84
34.599998
35.619999
34.919998
34.82
34.849998
34.740002
34.419998
33.919998
34.23
34.790001
35.099998
34.73
34.130001
33.639999
33.450001
32.860001
32.610001
32.669998
32.849998
33.07
33.650002
33.419998
33.23
32.630001
32.93
32.560001
31.799999
31.90
31.709999
30.620001
30.700001
30.299999
29.620001
28.950001
28.85
28.90
28.65
28.85
29.10
29.57
28.73
28.73
28.219999
28.389999
28.75
28.59
28.639999
28.32
28.139999
28.24
28.299999
28.190001
28.110001
28.34
28.120001
27.879999
28.030001
28.00
27.870001
27.84
27.940001
28.25
28.110001
28.209999
28.290001
27.85
27.719999
27.879999
27.42
27.379999
27.969999
27.68
27.74
28.129999
27.879999
28.040001
27.92
27.93
27.879999
27.65
27.35
27.35
27.379999
27.620001
27.870001
27.67
27.790001
28.01
27.82
28.01
27.58
27.700001
27.200001
27.299999
27.10
27.190001
27.15
26.83
26.90
26.49
26.65
26.719999
26.75
26.77
27.27
27.629999
27.25
26.59
26.709999
26.889999
27.030001
27.200001
27.450001
27.360001
27.690001
27.25
26.790001
27.110001
27.32
27.530001
27.049999
26.559999
26.82
26.809999
26.379999
26.50
26.780001
27.049999
27.110001
27.01
27.360001
27.540001
27.23
26.709999
26.76
26.799999
26.67
26.879999
27.24
27.02
28.940001
28.879999
29.120001
29.530001
29.82
29.620001
29.59
28.84
28.549999
27.860001
28.190001
28.16
27.77
28.73
29.049999
29.65
29.299999
29.450001
29.370001
28.969999
29.219999
29.15
29.68
29.639999
30.23
29.969999
29.75
29.68
29.809999
30.18
30.17
30.280001
30.950001
31.00
31.43
30.950001
31.09
31.10
31.190001
31.01
30.889999
30.940001
30.690001
30.83
31.040001
30.50
30.219999
30.450001
30.60
30.530001
30.65
30.700001
30.93
30.25
30.389999
30.59
30.76
30.82
30.92
30.360001
30.110001
30.299999
30.35
30.50
30.389999
30.209999
30.07
30.00
29.530001
29.209999
29.59
29.48
29.75
29.48
29.23
29.24
29.24
29.57
31.00
30.51
29.60
29.639999
29.48
28.76
29.15
29.709999
30.08
30.120001
30.610001
30.59
30.23
30.620001
30.450001
29.98
30.190001
30.00
30.299999
30.299999
30.959999
30.93
30.190001
29.99
29.59
29.33
29.219999
29.10
29.73
29.209999
29.639999
28.879999
28.51
28.620001
28.76
29.299999
29.35
29.379999
29.200001
29.16
29.35
29.690001
29.10
29.790001
29.99
30.309999
30.639999
30.82
30.690001
30.860001
30.190001
30.48
30.700001
31.450001
31.879999
31.85
32.049999
31.98
32.119999
32.119999
31.92
32.209999
32.310001
32.150002
31.129999
31.280001
31.27
30.99
30.889999
30.48
30.43
31.059999
31.219999
31.15
31.66
32.16
32.220001
32.400002
32.060001
32.52
32.650002
32.189999
32.099998
31.809999
31.959999
32.099998
32.540001
32.91
32.790001
32.529999
32.240002
31.969999
32.099998
32.040001
31.67
31.540001
32.009998
32.310001
31.93
31.889999
31.41
31.24
31.48
31.200001
31.450001
31.18
31.200001
30.309999
30.33
30.33
30.629999
30.639999
30.68
30.26
30.15
30.040001
30.139999
29.90
29.790001
29.66
28.969999
29.450001
29.610001
29.07
29.469999
29.549999
28.82
28.16
28.309999
28.40
27.93
27.870001
27.43
27.93
28.049999
27.530001
27.379999
26.82
26.549999
26.00
25.950001
26.110001
25.959999
25.91
25.82
26.01
25.860001
26.02
25.67
25.719999
25.719999
25.75
25.41
25.52
25.48
25.67
25.809999
25.780001
25.59
25.559999
25.370001
24.82
24.940001
24.379999
24.610001
24.889999
25.24
25.48
26.01
26.469999
26.559999
26.879999
26.58
26.469999
26.59
27.01
26.209999
26.379999
26.24
26.10
26.190001
26.76
27.139999
27.129999
27.030001
27.08
27.059999
27.15
27.26
27.370001
26.940001
27.110001
27.309999
26.76
27.18
26.860001
26.58
26.34
25.90
25.42
24.299999
24.719999
25.200001
25.98
25.93
25.66
25.190001
24.90
25.299999
27.049999
27.309999
26.799999
27.049999
26.73
26.17
25.92
25.440001
26.00
26.00
25.690001
25.200001
25.780001
26.459999
26.290001
25.73
25.530001
24.51
25.08
24.65
24.030001
24.42
24.41
24.57
25.25
25.219999
25.24
25.129999
24.50
24.950001
24.709999
25.02
25.969999
26.530001
26.83
26.98
27.51
27.52
27.290001
27.879999
27.82
27.26
26.860001
27.040001
27.280001
26.809999
26.629999
26.469999
26.620001
26.60
26.549999
26.620001
26.540001
26.49
25.969999
26.10
25.93
25.74
25.709999
25.299999
24.23
24.51
24.440001
24.60
24.52
24.17
24.219999
23.75
24.00
24.299999
23.790001
24.02
24.01
23.90
24.09
23.889999
24.049999
24.49
24.99
24.959999
24.68
24.35
24.17
24.200001
24.209999
24.719999
24.85
24.530001
24.40
24.959999
25.280001
25.35
25.65
25.379999
25.799999
26.07
26.049999
25.85
25.60
25.940001
26.549999
26.459999
26.299999
25.74
25.559999
25.790001
25.540001
25.00
25.10
25.459999
25.42
25.65
25.83
26.190001
26.17
26.190001
25.98
25.82
25.450001
25.530001
25.60
25.60
25.34
25.66
25.93
25.60
25.23
25.299999
25.18
25.059999
25.059999
25.219999
25.08
25.49
25.41
25.620001
25.809999
25.77
26.129999
26.219999
26.26
26.110001
26.60
26.690001
26.91
26.639999
26.530001
26.780001
27.129999
26.969999
27.049999
27.040001
27.209999
27.76
27.93
28.190001
28.10
27.799999
27.700001
27.969999
27.93
27.799999
27.77
28.90
28.75
28.51
28.139999
28.02
28.40
28.50
28.459999
28.16
28.08
28.33
28.120001
28.200001
28.26
28.639999
28.040001
27.90
27.940001
28.049999
27.799999
27.92
27.940001
27.969999
28.120001
27.969999
28.01
27.85
27.950001
27.92
27.76
27.530001
27.309999
27.27
27.190001
27.280001
26.83
27.08
26.93
26.809999
26.24
25.57
25.049999
25.190001
25.209999
25.200001
25.57
25.65
25.799999
25.709999
25.90
26.040001
26.33
26.469999
26.68
27.01
26.809999
26.68
27.17
27.41
27.459999
27.059999
26.879999
27.15
26.209999
25.790001
25.120001
25.24
25.52
25.40
25.26
25.27
25.59
25.360001
25.290001
25.02
24.65
24.74
24.620001
24.620001
24.32
24.059999
23.959999
24.77
24.610001
24.629999
24.799999
24.85
24.639999
24.51
24.889999
25.42
25.280001
25.40
25.059999
25.10
25.040001
24.200001
23.98
24.190001
24.07
24.10
24.24
23.879999
23.67
23.60
23.74
23.879999
24.09
24.00
24.09
24.440001
24.309999
24.620001
24.68
24.709999
24.360001
24.35
24.42
24.68
25.33
25.549999
25.18
25.49
26.15
26.200001
25.99
25.75
26.129999
26.07
26.139999
25.860001
25.84
25.51
25.60
24.860001
24.959999
25.51
25.50
25.50
25.139999
24.43
24.33
24.60
23.82
23.700001
23.360001
23.09
23.299999
24.129999
24.51
25.049999
25.459999
25.780001
26.16
26.780001
26.370001
26.559999
26.469999
25.75
25.860001
25.040001
25.129999
25.219999
25.25
25.82
26.10
26.549999
26.059999
25.530001
25.84
25.73
26.23
25.65
26.85
26.629999
27.65
28.52
28.870001
29.120001
29.200001
29.26
28.98
28.68
29.01
28.93
29.59
29.77
30.52
30.67
31.07
30.93
30.92
30.950001
31.00
31.120001
31.040001
31.33
31.219999
30.77
30.790001
30.82
30.790001
30.15
30.25
29.950001
29.32
29.16
29.15
29.129999
29.35
29.639999
29.629999
29.709999
30.09
29.83
29.719999
29.59
29.50
29.76
29.629999
29.50
29.42
29.18
29.32
28.889999
28.860001
28.559999
28.52
28.66
28.459999
28.51
29.08
28.77
28.65
28.27
28.52
28.68
28.84
28.790001
28.59
28.530001
28.129999
27.809999
27.93
28.030001
27.969999
28.01
28.00
28.379999
28.26
28.370001
28.389999
29.90
29.84
29.35
29.200001
29.24
30.00
30.610001
30.809999
30.75
31.08
30.309999
30.26
30.15
30.709999
30.280001
30.629999
30.879999
30.85
30.620001
30.98
31.15
31.35
31.00
30.879999
30.709999
30.60
30.40
29.84
29.950001
30.07
29.889999
29.91
29.969999
29.709999
29.469999
29.52
29.780001
30.049999
29.84
29.90
29.52
29.15
29.110001
29.809999
29.950001
29.84
29.66
29.99
30.00
29.50
29.610001
29.469999
29.01
29.08
28.90
28.620001
28.379999
28.52
27.690001
27.639999
27.700001
28.030001
28.07
28.24
28.73
28.129999
29.200001
26.559999
26.459999
26.42
26.49
26.450001
25.90
26.139999
25.59
25.66
25.57
25.440001
24.99
24.68
24.98
24.459999
25.41
25.76
25.91
25.60
25.690001
25.92
25.92
25.40
25.110001
25.459999
25.059999
25.25
24.969999
24.65
24.93
24.799999
24.74
24.620001
24.09
23.91
23.82
24.35
24.57
25.07
24.41
24.59
24.60
24.41
23.93
23.60
23.25
23.290001
23.32
23.620001
23.629999
23.129999
23.32
23.459999
23.75
23.93
23.84
23.68
23.82
23.77
24.200001
23.73
22.99
23.440001
23.610001
24.93
24.700001
24.690001
24.440001
24.40
23.93
23.75
23.200001
22.42
22.190001
22.65
22.309999
23.08
23.209999
23.76
24.049999
23.969999
23.60
23.57
23.43
23.450001
23.379999
23.950001
24.040001
23.620001
23.50
23.469999
23.23
22.90
22.59
22.17
22.059999
21.98
21.959999
21.77
21.309999
21.360001
21.00
20.559999
20.32
20.25
19.540001
19.93
20.139999
20.41
20.51
20.360001
20.129999
19.83
19.92
19.51
19.200001
19.459999
19.959999
20.059999
20.139999
20.370001
20.190001
20.60
20.110001
20.25
20.549999
19.82
18.92
18.76
18.59
18.889999
19.690001
19.16
19.209999
19.440001
19.690001
19.450001
18.969999
18.76
18.540001
19.129999
19.50
18.23
17.83
17.74
18.540001
18.17
17.98
18.040001
17.370001
17.32
17.370001
17.030001
16.32
16.82
16.98
17.01
16.629999
15.37
15.20
15.35
15.86
16.120001
16.030001
15.96
16.290001
17.049999
17.01
17.030001
18.02
17.77
18.299999
18.219999
18.49
19.27
18.969999
18.940001
19.25
19.639999
19.16
18.51
18.540001
17.85
17.030001
17.74
17.780001
17.799999
17.780001
17.290001
16.969999
18.049999
18.870001
19.459999
19.629999
19.07
19.530001
19.52
19.709999
20.17
19.629999
20.190001
20.75
20.200001
19.530001
19.309999
19.01
19.15
19.200001
19.26
19.280001
19.24
19.42
19.860001
19.809999
19.209999
19.34
19.15
20.110001
20.82
20.620001
20.35
18.91
19.40
18.65
18.99
19.879999
20.23
19.73
20.860001
19.889999
18.02
18.120001
19.629999
19.50
19.74
20.559999
20.15
20.889999
21.290001
21.85
21.32
21.870001
23.33
23.129999
22.48
22.530001
23.690001
23.129999
21.639999
21.67
21.059999
21.549999
23.040001
24.299999
24.200001
23.57
22.940001
23.780001
25.639999
22.860001
21.790001
23.77
22.90
24.98
25.629999
26.370001
26.18
26.379999
25.77
26.940001
26.17
25.82
25.58
25.66
26.219999
26.370001
24.799999
25.73
26.09
26.92
27.139999
26.10
26.52
26.200001
26.209999
26.030001
26.74
27.00
27.67
27.68
27.610001
27.34
27.58
27.610001
27.23
27.10
27.540001
27.540001
27.780001
27.98
27.82
28.07
27.780001
27.860001
27.35
26.90
26.73
25.639999
25.389999
25.92
25.85
26.200001
25.52
26.059999
25.639999
26.09
25.860001
25.540001
25.66
26.360001
27.58
26.129999
24.93
25.48
25.16
25.200001
25.790001
25.93
26.110001
25.969999
26.90
27.27
27.73
27.68
28.030001
27.809999
27.92
28.299999
28.90
28.549999
28.549999
29.040001
29.02
28.629999
27.40
27.85
27.360001
27.65
27.99
27.719999
27.280001
27.91
28.24
28.379999
28.209999
28.559999
28.110001
28.26
28.280001
28.809999
29.299999
29.870001
30.469999
29.98
29.889999
30.00
29.40
29.209999
29.280001
29.690001
29.00
29.93
29.59
28.50
28.74
28.799999
29.799999
30.049999
31.629999
30.450001
30.639999
30.190001
30.01
29.120001
28.57
28.120001
28.24
28.870001
28.83
28.719999
28.940001
29.549999
29.129999
29.00
29.57
28.83
27.879999
28.23
28.48
29.030001
29.33
29.33
28.74
29.379999
28.67
27.299999
28.719999
28.540001
29.43
28.40
27.83
27.34
28.059999
27.75
27.02
27.24
27.690001
28.02
28.190001
27.74
27.65
28.24
28.620001
28.15
28.799999
28.309999
28.879999
28.620001
28.43
28.52
28.290001
28.34
29.280001
29.91
30.49
31.059999
31.91
32.560001
32.849998
33.02
34.900002
32.349998
31.48
31.540001
33.16
33.540001
33.419998
34.029999
34.459999
34.139999
34.349998
33.360001
34.709999
34.549999
35.189999
35.220001
35.790001
35.900002
36.099998
36.349998
36.41
36.130001
35.900002
35.290001
34.689999
34.639999
35.029999
35.049999
34.48
34.610001
34.73
34.639999
34.610001
34.259998
33.139999
32.740002
33.50
33.919998
33.580002
33.380001
33.27
34.09
34.360001
34.400002
34.23
33.959999
33.860001
33.759998
34.619999
33.540001
33.32
34.18
35.599998
36.040001
36.59
36.759998
37.220001
36.529999
35.52
34.369999
34.849998
36.009998
31.57
30.85
30.709999
30.120001
31.09
31.219999
30.75
30.24
30.10
30.030001
30.299999
30.040001
30.030001
29.66
29.889999
29.559999
29.709999
29.700001
29.459999
29.49
29.700001
29.68
29.139999
28.809999
28.690001
28.48
28.870001
28.700001
28.790001
28.98
29.120001
28.809999
28.629999
28.67
28.620001
28.559999
28.65
28.50
28.700001
28.42
28.129999
28.299999
28.610001
28.209999
28.280001
28.27
28.10
28.18
28.09
27.879999
28.24
28.77
28.940001
28.90
29.639999
29.719999
29.33
29.049999
29.450001
29.190001
28.950001
29.709999
29.41
29.93
30.24
30.99
31.01
31.360001
31.15
31.049999
30.51
30.02
29.76
29.940001
29.559999
29.24
29.700001
29.860001
29.91
30.049999
29.790001
29.67
29.870001
29.860001
29.360001
29.549999
29.469999
30.00
29.98
30.440001
30.48
30.690001
30.860001
30.35
29.969999
29.959999
29.940001
29.58
30.02
30.370001
30.620001
30.42
30.790001
31.120001
30.549999
30.49
30.280001
30.540001
30.84
30.90
30.73
30.969999
31.030001
31.00
30.90
30.84
30.57
30.68
30.700001
30.68
30.52
30.68
30.60
30.389999
29.940001
30.129999
30.17
29.09
28.860001
28.790001
28.959999
28.98
28.34
28.610001
28.629999
28.60
28.43
28.059999
28.299999
28.50
28.58
28.32
28.01
27.860001
27.889999
27.75
27.84
27.58
28.040001
27.940001
28.219999
28.52
27.90
27.93
27.34
27.35
27.32
26.82
27.25
27.18
27.42
27.719999
27.76
27.799999
27.49
28.02
27.82
27.950001
28.709999
28.959999
29.219999
29.309999
28.75
28.629999
28.91
29.58
29.17
29.040001
28.889999
29.35
29.24
29.639999
29.59
29.969999
30.82
30.84
30.41
30.57
30.65
31.219999
31.08
30.780001
30.629999
31.059999
30.73
31.15
31.26
31.26
30.65
29.76
29.799999
30.00
29.65
29.629999
29.700001
29.91
29.860001
29.860001
29.99
29.530001
29.83
30.129999
29.99
29.709999
30.190001
30.139999
29.540001
29.60
29.559999
29.190001
28.82
28.959999
29.10
29.360001
29.23
29.23
29.42
29.440001
29.34
29.690001
29.66
29.969999
29.91
29.52
29.309999
29.139999
29.129999
29.280001
29.190001
29.17
29.110001
28.780001
28.860001
28.77
28.85
28.709999
28.780001
28.66
28.35
28.49
28.33
28.280001
28.43
28.299999
28.48
28.35
28.50
28.24
28.48
28.34
27.58
27.459999
27.690001
27.799999
27.76
27.92
27.389999
27.370001
27.32
27.35
27.469999
27.18
26.91
26.809999
26.83
27.24
27.01
26.74
26.74
26.58
25.99
25.82
25.90
25.43
25.530001
25.48
25.51
25.690001
25.889999
25.870001
25.85
25.92
25.84
25.709999
25.82
25.65
26.01
25.66
25.049999
24.700001
24.610001
24.549999
24.52
24.43
24.370001
24.49
24.389999
24.280001
24.40
24.190001
24.120001
24.02
24.07
24.08
24.58
24.120001
24.00
24.01
24.08
23.440001
22.82
22.59
22.290001
22.280001
22.370001
22.790001
23.370001
23.43
23.389999
23.450001
23.48
23.530001
23.540001
23.32
22.959999
22.889999
22.65
22.85
23.059999
22.610001
22.540001
22.139999
21.969999
22.01
21.59
21.73
21.959999
22.15
22.030001
22.15
22.549999
22.719999
22.870001
22.74
23.26
23.549999
23.77
23.57
22.99
23.110001
22.48
22.790001
22.84
22.889999
23.16
23.10
23.139999
23.709999
23.67
23.75
23.85
23.66
23.35
23.99
24.49
24.32
24.23
26.969999
27.08
27.09
27.07
27.049999
27.049999
27.110001
26.940001
27.030001
27.08
27.10
27.290001
27.23
27.610001
27.66
27.879999
27.60
27.67
27.299999
27.030001
26.950001
27.01
27.01
26.709999
27.08
27.08
27.74
27.700001
27.35
27.34
27.200001
27.040001
27.18
27.059999
27.27
26.99
26.90
26.92
26.809999
27.02
26.98
26.950001
26.75
26.59
26.73
26.530001
26.719999
26.67
26.85
26.60
26.41
26.629999
26.620001
26.959999
27.01
26.950001
27.51
27.48
27.969999
27.959999
27.91
27.82
27.23
26.559999
26.41
26.34
26.41
27.01
26.870001
26.74
26.90
27.030001
27.25
27.01
26.65
26.93
26.889999
26.959999
26.77
26.25
26.15
26.41
26.51
26.68
26.52
26.709999
26.870001
26.76
26.82
26.879999
27.08
27.00
27.290001
27.700001
27.709999
27.709999
27.67
27.90
27.93
27.82
27.73
27.68
27.790001
27.790001
27.799999
27.92
28.059999
28.07
28.120001
27.85
27.48
27.33
27.360001
27.15
26.940001
26.98
26.940001
26.719999
26.530001
26.60
25.93
25.610001
25.610001
25.10
25.219999
24.969999
24.950001
24.889999
24.91
25.049999
24.559999
24.49
24.68
24.709999
24.309999
24.49
24.51
24.67
24.77
24.66
25.040001
25.360001
25.709999
25.91
25.610001
25.389999
25.370001
25.40
25.309999
25.49
25.799999
26.07
26.09
26.34
26.370001
26.52
26.540001
26.620001
26.620001
26.799999
26.940001
27.059999
27.209999
27.379999
27.17
27.059999
26.809999
27.059999
26.90
26.84
26.84
26.790001
26.85
26.889999
26.82
27.030001
26.98
27.08
26.98
27.41
27.219999
27.799999
27.290001
27.16
26.76
25.90
25.809999
25.780001
25.75
25.610001
25.719999
25.690001
25.99
26.299999
26.00
25.790001
25.709999
26.040001
25.790001
25.530001
25.24
25.15
24.639999
24.58
24.969999
24.66
24.85
25.059999
25.219999
25.09
25.07
25.219999
25.17
25.110001
25.08
24.98
25.27
25.219999
25.40
25.309999
25.360001
25.49
25.40
25.549999
25.33
25.379999
25.700001
25.709999
25.73
25.99
25.83
25.75
25.68
25.799999
25.74
25.879999
25.75
25.50
25.309999
25.23
25.030001
24.84
24.889999
25.040001
25.23
25.33
25.200001
25.34
25.129999
25.23
24.879999
24.82
24.66
24.950001
25.07
25.049999
24.48
24.66
24.709999
24.450001
24.58
25.01
25.23
24.92
25.030001
25.07
24.66
24.469999
24.219999
24.110001
24.24
24.25
24.040001
24.139999
24.40
24.24
23.99
24.190001
24.35
24.530001
24.639999
24.82
25.10
25.08
25.450001
25.43
25.389999
25.40
25.17
25.209999
25.299999
25.190001
25.190001
25.219999
25.33
25.18
25.24
25.25
25.639999
25.709999
25.870001
26.00
25.93
26.030001
26.10
26.25
26.190001
26.27
26.17
26.370001
26.42
26.25
26.35
26.540001
25.950001
26.07
25.76
25.76
25.950001
25.84
26.209999
26.030001
26.40
26.68
26.77
26.690001
26.60
26.82
26.85
26.84
26.870001
26.799999
26.75
26.889999
26.85
26.85
27.01
26.870001
26.84
27.00
27.01
27.00
27.15
27.219999
27.049999
27.10
27.08
27.129999
27.01
27.26
27.10
27.16
27.27
26.950001
26.75
26.639999
26.559999
26.620001
26.52
26.75
27.030001
27.129999
27.25
27.33
27.34
30.16
29.889999
29.92
29.43
29.18
29.209999
28.379999
28.65
28.26
28.16
28.120001
28.110001
27.860001
27.709999
27.67
28.299999
28.809999
28.219999
28.530001
28.07
27.969999
28.040001
28.190001
27.83
28.200001
28.10
28.540001
28.389999
28.15
28.440001
27.82
27.59
27.26
27.209999
27.17
27.389999
27.190001
27.280001
27.450001
27.440001
27.389999
27.219999
27.360001
27.370001
27.530001
27.34
27.299999
27.299999
27.290001
27.459999
27.40
27.23
27.290001
27.299999
27.50
27.459999
27.209999
27.40
27.27
27.129999
27.35
26.93
27.219999
27.030001
27.01
27.23
27.389999
27.299999
27.26
27.379999
28.16
28.01
28.379999
28.27
28.450001
28.780001
28.34
28.700001
28.360001
28.379999
29.07
29.889999
28.00
27.620001
28.18
28.049999
27.40
27.91
27.67
27.780001
27.879999
27.67
28.32
28.620001
28.700001
28.57
28.18
28.60
28.48
28.48
28.200001
28.15
28.219999
27.77
27.309999
27.34
26.99
26.549999
26.379999
26.40
26.280001
26.02
26.030001
26.049999
26.120001
26.129999
26.139999
26.16
25.99
25.709999
26.049999
25.969999
25.75
26.030001
25.700001
25.469999
26.00
25.82
25.870001
26.09
25.629999
26.030001
26.16
26.32
26.35
26.190001
26.59
26.51
27.01
27.16
27.450001
27.40
25.51
25.360001
25.65
25.08
25.33
25.530001
25.389999
25.68
25.48
25.82
25.74
25.77
25.809999
25.48
24.950001
25.200001
25.209999
25.25
25.110001
24.60
24.379999
24.65
24.48
24.77
24.959999
25.25
25.26
25.299999
25.379999
25.18
25.65
25.799999
26.309999
26.23
26.33
26.35
26.610001
26.629999
26.469999
26.59
26.90
26.610001
26.73
26.66
26.92
26.90
26.719999
26.98
27.09
26.969999
26.870001
27.190001
27.030001
27.059999
27.219999
27.40
27.610001
27.84
27.809999
28.299999
28.639999
28.49
28.280001
28.360001
28.129999
27.98
27.709999
27.549999
27.52
27.549999
27.67
28.030001
28.389999
28.17
28.190001
27.73
27.58
27.42
27.41
27.209999
27.049999
27.139999
27.17
27.16
27.49
27.10
27.040001
26.83
27.049999
26.690001
26.59
26.450001
26.440001
26.120001
25.959999
25.719999
25.82
25.950001
25.90
25.50
25.610001
25.870001
25.33
25.33
25.17
25.290001
25.33
25.389999
25.700001
25.860001
25.85
26.01
26.120001
26.379999
26.26
26.15
26.59
26.35
26.370001
27.01
27.16
27.09
26.91
27.27
28.719999
29.030001
29.35
28.950001
29.280001
28.91
29.200001
28.66
28.98
28.91
29.219999
29.360001
29.01
29.15
29.16
28.450001
28.030001
28.59
28.41
28.27
28.469999
29.610001
29.120001
29.389999
29.76
28.49
28.76
28.41
28.370001
27.48
27.66
28.030001
28.65
28.389999
28.23
28.10
27.42
26.700001
26.459999
26.50
26.51
26.309999
26.309999
26.780001
26.65
26.299999
25.85
25.559999
25.610001
25.66
25.790001
25.709999
25.610001
25.879999
25.719999
25.540001
26.309999
26.15
26.33
26.60
26.459999
26.879999
26.940001
26.280001
26.780001
26.42
26.280001
26.870001
27.110001
27.139999
27.559999
27.469999
27.629999
26.950001
27.25
27.559999
27.26
27.02
26.690001
26.50
25.59
25.940001
25.950001
25.389999
25.639999
25.65
26.139999
26.34
26.09
25.98
25.639999
24.799999
25.200001
24.969999
24.67
23.940001
23.719999
24.440001
24.469999
24.99
24.75
24.98
24.73
24.469999
24.780001
24.25
24.200001
24.200001
24.629999
24.860001
25.40
25.879999
25.85
26.08
26.040001
26.15
25.90
25.75
26.110001
25.860001
26.25
25.65
25.540001
25.73
25.950001
25.389999
25.33
25.48
25.75
25.059999
25.610001
24.77
25.60
24.68
24.27
24.889999
24.709999
25.610001
25.309999
26.23
25.76
25.99
25.10
24.459999
24.25
24.67
24.940001
25.459999
25.60
25.549999
26.75
26.02
25.98
25.889999
24.52
24.68
23.719999
22.809999
23.059999
23.309999
22.950001
23.17
23.07
23.58
24.02
23.74
23.90
24.07
23.540001
24.440001
24.290001
24.77
24.82
24.620001
47.25
46.41
46.549999
47.299999
46.799999
47.880001
46.860001
47.830002
47.799999
47.93
47.450001
50.16
48.73
49.689999
49.32
52.029999
51.950001
51.59
51.869999
52.939999
56.32
57.00
56.330002
56.52
55.099998
54.720001
55.369999
54.919998
54.02
53.59
52.299999
52.740002
53.009998
53.279999
54.029999
53.540001
53.049999
53.490002
53.25
53.84
54.419998
53.00
53.68
55.00
53.849998
53.560001
55.00
54.869999
56.950001
56.130001
57.279999
58.650002
58.43
57.599998
57.639999
58.060001
57.450001
56.98
55.009998
55.549999
56.950001
56.599998
55.990002
54.240002
54.099998
55.07
56.00
56.200001
56.990002
55.779999
56.75
52.43
53.189999
52.200001
52.150002
53.400002
51.25
53.360001
51.43
51.43
51.970001
52.599998
52.279999
50.389999
51.259998
48.25
47.360001
44.00
44.23
44.75
43.810001
45.389999
45.299999
46.099998
44.32
44.869999
46.040001
47.110001
46.400002
44.830002
46.599998
47.709999
46.68
46.720001
48.669998
47.599998
46.900002
48.150002
50.23
48.540001
47.25
47.75
47.50
47.450001
48.52
50.139999
48.889999
50.48
52.330002
52.50
52.66
52.849998
51.560001
51.380001
50.040001
49.43
49.959999
47.25
47.990002
47.610001
48.150002
47.110001
47.00
44.900002
44.290001
45.509998
47.580002
47.610001
47.549999
46.849998
43.740002
45.450001
41.75
46.490002
48.950001
49.869999
52.060001
52.52
51.310001
51.389999
53.369999
52.040001
53.689999
53.310001
54.41
53.09
51.240002
52.380001
54.119999
54.549999
54.599998
51.049999
54.700001
52.09
53.400002
54.369999
55.470001
55.529999
55.66
53.150002
54.84
52.580002
53.240002
51.650002
49.889999
51.50
50.43
49.50
50.990002
52.900002
51.639999
51.650002
53.59
54.139999
53.700001
51.869999
53.950001
55.50
56.209999
54.709999
54.490002
54.400002
50.450001
52.529999
54.400002
51.27
49.18
49.439999
51.259998
52.639999
52.16
52.099998
51.470001
54.07
52.900002
53.849998
55.700001
56.52
57.439999
56.790001
57.950001
56.400002
56.00
55.150002
55.889999
55.119999
57.330002
54.299999
56.889999
55.98
57.439999
58.900002
59.830002
59.950001
58.799999
59.099998
60.48
61.049999
60.209999
61.400002
62.18
62.740002
61.00
62.139999
62.080002
62.52
63.509998
63.630001
63.669998
62.91
63.00
61.240002
59.049999
58.779999
59.07
59.099998
57.939999
58.049999
59.720001
59.400002
59.91
61.700001
62.00
60.259998
60.490002
60.009998
60.119999
60.299999
61.610001
60.799999
62.400002
64.150002
63.060001
62.450001
63.900002
64.230003
64.190002
64.099998
64.050003
66.610001
67.099998
68.529999
68.849998
68.660004
68.300003
69.519997
68.480003
69.720001
68.690002
69.75
69.25
67.110001
66.650002
67.839996
68.230003
67.980003
67.419998
67.720001
68.010002
69.150002
68.620003
68.919998
67.169998
66.019997
67.129997
67.160004
67.660004
67.519997
68.25
67.980003
66.489998
65.00
63.830002
64.660004
63.119999
63.169998
64.790001
64.989998
64.379997
64.360001
66.449997
66.25
66.360001
66.099998
68.230003
66.800003
64.699997
64.339996
64.459999
64.220001
62.700001
61.860001
61.93
60.080002
59.299999
58.919998
62.099998
62.32
60.610001
60.50
60.470001
57.900002
57.400002
56.34
59.119999
57.869999
55.900002
55.700001
55.759998
53.599998
57.50
56.799999
56.16
56.919998
52.48
51.630001
50.939999
49.619999
50.099998
51.509998
52.27
50.650002
47.919998
52.349998
54.459999
53.41
54.02
54.919998
56.110001
56.560001
56.18
57.189999
56.849998
59.040001
61.049999
62.34
61.900002
59.599998
60.669998
61.130001
62.700001
61.66
63.779999
62.84
64.709999
65.75
65.239998
64.769997
64.980003
66.510002
66.040001
66.529999
67.300003
67.209999
66.800003
66.010002
65.650002
66.050003
67.120003
66.260002
67.00
69.239998
68.029999
71.220001
70.599998
70.660004
71.449997
71.400002
70.699997
64.209999
65.900002
66.199997
68.300003
70.220001
70.300003
72.050003
72.599998
71.550003
69.860001
67.82
69.099998
70.00
69.150002
67.139999
68.209999
67.949997
67.510002
70.220001
72.050003
71.019997
72.849998
73.699997
72.120003
72.889999
70.760002
70.550003
69.599998
69.489998
69.559998
70.800003
71.660004
69.940002
70.389999
69.449997
68.050003
67.690002
69.099998
67.699997
68.739998
69.129997
69.959999
71.129997
71.239998
71.75
70.830002
68.00
69.25
71.00
67.660004
68.529999
69.529999
70.07
67.57
68.199997
68.110001
70.300003
65.809998
63.389999
60.52
61.400002
59.560001
60.650002
57.950001
56.57
56.375
53.75
53.375
55.3125
54.8125
55.75
55.375
57.375
56.0625
57.125
54.9375
50.5625
52.25
54.5625
54.50
52.50
55.3125
52.50
52.1875
54.6875
57.9375
60.3125
59.875
58.625
57.25
57.50
58.5625
59.5625
59.375
57.625
54.4375
56.3125
55.25
57.375
57.00
59.00
57.625
59.625
58.8125
61.3125
63.75
62.00
62.0625
60.75
62.50
60.8125
63.00
64.50
63.5625
61.00
62.75
61.00
59.75
60.75
60.00
53.6875
53.625
53.375
54.875
53.00
51.00
50.00
48.9375
48.50
47.8125
43.1875
44.125
43.9375
45.125
46.125
46.875
44.75
40.75
42.8125
47.4375
49.00
51.046799
57.9375
60.50
57.8125
55.50
54.625
53.4375
60.00
59.1875
57.25
58.0625
62.00
66.8125
69.375
71.4375
69.00
66.0625
67.375
68.125
69.4375
69.4375
69.0625
68.00
66.6875
69.9375
68.50
71.125
69.75
68.6875
69.25
70.375
68.50
69.00
67.50
64.6875
61.00
61.9375
62.625
64.625
61.3125
58.4375
49.625
51.875
53.50
53.875
56.3125
54.00
53.9375
55.625
55.8125
55.50
56.375
59.5625
60.50
61.00
60.8125
63.4375
60.9375
63.25
61.125
64.00
64.875
63.625
64.25
65.4375
68.6875
67.5625
68.75
69.125
70.375
70.00
70.0625
70.00
70.00
70.875
70.6875
71.1875
70.1875
70.6875
70.625
70.8125
70.8125
70.6875
71.125
71.125
71.875
72.00
72.3125
72.4375
73.8125
73.75
70.0625
70.1875
69.4375
68.1875
68.5625
69.9375
70.1875
70.9375
67.875
69.0625
70.8125
72.0625
74.75
73.4375
76.0625
77.625
78.25
79.50
78.8125
78.25
78.8125
80.6875
81.265602
78.875
79.875
79.6875
77.0625
78.25
79.00
79.25
77.50
79.9375
81.375
77.00
73.875
72.5625
72.625
70.8125
69.8125
66.75
69.00
69.625
71.5625
69.25
68.1875
66.015602
66.00
64.375
63.640598
62.4375
62.0625
64.5625
63.125
63.875
65.125
65.375
68.0625
68.875
69.5625
69.00
68.4375
66.625
67.75
70.1875
70.9375
70.25
70.3125
70.375
72.8125
72.875
70.75
67.4375
70.00
68.75
67.25
78.625
81.4375
76.50
74.25
79.125
80.875
82.125
85.125
88.625
87.00
87.875
88.25
91.5625
94.4375
106.00
106.1875
105.1875
103.625
107.765602
112.625
106.8125
102.8125
96.75
98.75
95.25
95.9375
94.5625
98.625
97.625
99.5625
95.3125
93.8125
96.125
96.00
94.75
91.8125
89.625
91.75
90.25
94.6875
94.25
93.50
95.125
100.00
98.50
99.25
99.75
101.234299
104.875
103.890602
109.4375
106.4375
106.8125
104.375
102.0625
102.4375
98.50
97.625
98.125
99.890602
102.4375
101.00
103.796799
107.00
107.0625
110.50
111.8125
107.1875
104.375
108.50
111.50
113.4375
108.625
112.1875
111.125
113.5625
117.375
117.50
117.875
116.9375
118.75
118.4375
117.25
116.296799
112.375
114.8125
116.625
109.25
98.5625
96.1875
93.609299
93.375
92.00
93.125
94.75
95.25
95.8125
93.0625
91.0625
89.75
90.125
91.625
89.5625
89.25
89.625
84.4375
84.9375
86.4375
86.9375
88.25
89.75
88.25
88.125
89.75
84.8125
91.8125
92.3125
92.9375
92.75
93.25
91.4375
90.00
91.50
94.375
92.00
93.5625
90.5625
91.5625
88.25
87.1875
89.50
90.875
92.00
94.00
94.625
93.50
93.6875
92.3125
92.75
90.50
90.1875
90.00
91.5625
91.25
92.00
90.1875
96.875
94.75
96.5625
96.00
94.375
92.875
95.50
93.6875
94.50
95.0625
92.4375
93.6875
94.875
93.75
91.50
92.3125
91.8125
92.875
95.0625
95.375
93.625
87.0625
84.3125
84.00
84.5625
84.4375
85.4375
85.0625
82.9375
83.9375
84.00
83.5625
85.625
86.0625
85.375
85.125
85.875
85.6875
87.625
88.6875
89.1875
88.8125
88.875
91.5625
94.375
93.625
96.4375
100.00
95.50
95.00
93.75
93.125
93.1875
92.375
91.8125
90.0625
92.25
90.875
89.875
87.75
86.6875
85.50
85.375
85.75
85.9375
88.4375
84.875
82.3125
80.6875
79.0625
78.0625
78.75
80.00
81.875
80.125
79.875
79.9375
76.9375
78.375
78.0625
80.625
78.75
78.25
77.1875
76.75
77.875
78.50
79.5625
79.875
79.8125
77.375
78.875
81.125
80.75
80.75
79.875
79.625
80.6875
79.125
80.50
81.4375
82.75
82.375
85.3125
88.75
87.1875
85.00
85.00
82.125
82.25
86.875
89.0625
87.3125
90.8125
93.125
91.625
94.25
93.25
94.875
95.1875
94.3125
91.25
94.50
93.375
90.125
178.9375
173.0625
167.00
172.6875
172.9375
173.875
166.4375
169.0625
165.50
160.5625
162.625
161.00
162.3125
159.875
155.50
154.75
151.125
149.00
151.875
149.5625
152.375
152.375
156.4375
152.9375
148.25
147.4375
150.9375
152.9375
159.75
161.6875
162.75
159.875
164.9375
162.5625
160.25
168.125
166.375
172.50
175.4375
174.75
171.75
172.50
165.50
161.6875
155.625
161.75
166.9375
151.375
142.9375
145.25
136.00
148.125
150.875
152.1875
149.75
149.50
141.875
139.609299
139.1875
140.875
142.5625
143.00
143.625
140.375
140.50
138.625
135.00
134.1875
132.50
129.3125
132.75
131.00
133.125
132.125
132.875
127.6875
124.9375
126.875
129.1875
120.25
129.375
125.125
122.6875
118.6875
112.50
112.75
109.0625
109.5625
109.00
111.3125
108.4375
110.25
113.4375
110.125
109.1875
106.0625
105.3125
105.8125
105.50
106.375
107.25
105.4375
104.875
107.75
106.8125
109.00
106.00
104.875
103.25
104.125
106.00
100.125
95.875
99.50
99.25
93.1875
90.5625
97.375
102.50
102.50
103.375
108.0625
112.3125
111.8125
113.00
109.125
113.125
109.625
108.4375
102.50
105.75
105.3125
107.875
105.875
104.9375
101.125
100.00
102.25
100.00
99.6875
98.75
101.8125
95.25
104.875
108.25
110.5625
111.25
111.375
110.3125
111.125
110.125
112.25
107.875
103.50
104.6875
104.125
104.3125
102.875
105.8125
107.4375
103.75
104.125
108.625
109.125
112.9375
111.9375
113.25
116.00
113.125
113.75
116.3125
112.00
116.875
118.1875
117.50
118.0625
116.00
118.25
114.125
111.125
110.00
108.125
107.8125
106.875
108.8125
109.125
105.25
105.50
102.25
105.875
101.6875
95.8125
94.75
92.875
90.8125
89.9375
86.3125
84.6875
84.875
86.4375
86.625
85.3125
85.625
85.875
84.6875
85.875
84.0625
83.875
86.375
85.75
82.875
85.3125
86.625
85.8125
86.125
85.8125
84.50
90.125
85.875
88.6875
83.25
86.125
81.875
86.1875
87.50
87.625
89.1875
90.1875
91.50
90.0625
92.125
89.50
93.50
97.25
96.00
94.6875
92.375
91.50
90.375
89.25
88.6875
88.8125
87.9375
86.75
89.3125
92.625
92.00
90.6875
89.8125
88.625
88.0625
89.375
88.50
90.50
84.1875
81.1875
82.125
81.50
80.0625
81.6875
82.4375
82.4375
82.50
82.00
81.1875
82.50
80.3125
79.25
82.4375
82.625
85.875
85.5625
85.50
83.4375
83.375
80.9375
155.50
155.50
154.625
158.50
158.625
158.0625
159.375
157.25
158.75
155.375
158.125
155.875
155.125
151.75
148.625
148.9375
146.25
142.375
139.875
138.75
135.5625
137.25
134.125
132.375
130.375
132.125
129.50
124.625
130.0625
128.625
129.875
129.75
131.25
129.625
131.00
126.4375
122.375
118.875
123.75
127.0625
129.125
128.75
134.50
139.875
135.875
136.4375
137.75
140.375
142.25
145.00
143.50
142.125
144.75
141.6875
143.5625
141.9375
141.25
139.00
135.875
137.125
137.8125
135.25
133.625
134.9375
134.50
131.625
130.0625
130.125
130.4375
131.625
130.0625
133.25
134.50
134.00
131.625
131.00
129.50
133.75
132.25
134.875
136.875
132.00
138.375
136.125
133.00
133.125
136.125
135.75
137.125
137.00
138.3125
138.50
136.625
135.00
135.875
134.9375
133.75
132.50
134.4375
133.50
133.625
132.875
135.625
133.5625
135.00
132.25
134.25
136.625
131.75
135.625
136.875
135.00
138.875
139.25
137.75
139.0625
136.00
137.625
133.125
132.0625
133.50
135.25
136.00
137.875
135.25
141.625
139.00
134.75
133.00
135.50
136.00
138.125
139.375
140.00
142.8125
144.3125
143.3125
142.25
140.25
141.375
142.00
140.75
136.75
139.25
138.50
138.375
145.25
136.875
140.875
145.00
150.50
142.375
138.0625
130.8125
130.25
130.50
132.50
129.375
130.625
130.0625
125.625
126.4375
127.875
129.125
130.125
132.875
129.50
129.875
129.375
128.375
133.25
131.50
129.625
126.75
126.75
124.8125
125.125
124.875
121.375
120.265602
120.625
123.375
125.00
117.50
127.25
127.25
122.75
121.375
121.00
120.625
115.875
116.125
116.375
116.00
118.375
118.375
117.50
118.00
115.25
116.375
119.375
119.625
122.00
122.00
118.625
117.375
113.75
113.50
116.625
110.625
107.625
107.00
104.00
98.50
96.625
97.875
94.75
95.50
97.75
99.125
96.625
95.625
93.75
91.00
92.875
90.125
93.125
95.125
90.75
90.625
93.125
96.50
96.625
97.75
100.625
98.50
99.75
98.25
97.75
99.625
97.125
98.375
100.75
99.50
99.25
97.00
96.125
100.25
99.50
100.00
94.25
94.875
96.875
97.375
97.625
99.375
100.50
98.375
98.25
100.75
98.375
98.25
103.125
102.375
102.625
101.875
98.25
96.75
98.375
96.50
95.125
98.125
95.125
90.625
87.00
85.625
85.00
85.625
84.25
85.125
82.00
83.75
85.00
84.50
84.625
82.25
83.125
84.00
85.375
85.50
85.25
84.125
84.125
85.50
84.00
81.375
76.625
80.25
81.125
85.00
81.00
84.375
78.375
149.00
153.375
155.125
158.375
157.50
155.50
154.125
154.00
151.125
150.75
154.50
156.00
150.50
149.375
150.75
145.25
143.625
144.00
143.375
143.375
144.75
141.375
138.50
137.25
137.25
136.375
135.375
136.875
136.6875
136.625
134.875
132.625
133.125
134.75
134.00
138.25
138.75
138.75
137.375
134.625
133.75
136.00
137.75
136.375
134.625
134.75
132.875
131.75
133.50
132.50
135.75
137.50
137.50
137.625
137.00
136.50
134.00
132.875
131.125
129.625
125.50
123.9375
124.75
122.50
122.00
122.75
123.375
122.00
124.25
125.25
125.00
123.125
123.375
124.875
124.125
122.50
123.75
123.875
125.125
124.75
123.875
125.00
124.25
124.75
124.125
124.375
121.625
123.50
122.125
117.875
119.00
117.875
119.25
119.50
116.00
109.50
120.00
121.015602
117.75
117.25
117.75
110.25
112.375
115.1875
118.25
120.00
120.875
118.50
120.125
121.625
122.375
120.25
120.50
120.50
121.875
124.25
124.00
122.375
122.00
122.50
124.50
123.125
124.75
125.125
122.875
120.75
121.00
117.625
121.75
118.00
118.625
118.75
118.5625
117.25
117.375
118.75
118.50
116.875
115.00
116.75
117.375
117.875
116.00
119.00
119.25
115.00
114.375
114.25
112.875
111.625
111.00
112.50
115.125
112.875
112.625
113.375
112.75
111.50
113.00
112.75
110.50
111.625
106.00
105.25
104.25
101.00
101.125
101.50
101.50
104.00
102.50
104.625
104.125
102.75
103.140602
102.375
101.875
103.25
99.375
101.50
101.125
104.25
106.25
106.375
102.375
100.00
101.125
98.234299
96.25
95.125
95.50
97.125
98.25
96.00
96.00
98.375
99.00
100.75
100.75
103.00
102.625
100.00
97.75
97.25
98.75
98.50
100.125
97.75
99.75
98.75
96.625
96.00
96.50
92.75
94.00
92.25
90.75
90.875
90.75
89.125
91.375
89.875
91.375
91.625
90.25
85.50
84.75
83.625
85.875
86.50
83.50
80.50
86.00
86.50
86.25
87.25
89.125
87.875
87.25
88.25
90.375
90.25
90.125
87.75
91.125
87.375
88.375
89.125
92.25
91.125
93.00
94.50
92.625
91.125
86.125
87.875
86.125
87.125
89.50
91.875
87.00
88.625
87.625
88.375
85.875
88.375
90.00
90.50
94.375
95.875
96.625
98.50
96.50
93.875
96.50
97.00
100.00
98.625
100.125
103.00
99.25
97.50
95.75
97.625
96.375
95.00
96.50
95.25
98.25
87.25
85.75
88.50
87.00
85.875
81.25
84.875
87.50
86.00
88.125
88.125
90.50
91.625
89.00
88.00
90.375
90.50
89.875
91.25
93.50
92.00
93.25
94.75
96.125
96.125
97.75
95.375
93.75
94.25
95.25
90.875
91.75
93.375
92.875
90.125
94.375
96.375
98.125
100.00
95.125
97.50
99.6875
98.875
98.375
99.25
96.875
94.75
97.00
97.75
94.125
94.50
91.375
88.00
91.00
90.75
93.125
96.00
96.50
97.625
95.50
92.625
94.00
95.25
97.00
107.00
107.75
98.25
100.125
96.75
99.00
96.00
92.875
90.625
91.625
90.875
89.625
88.00
86.75
89.50
91.00
90.75
90.625
91.875
90.375
87.25
85.00
84.00
83.375
84.125
84.625
83.75
84.125
82.875
84.875
82.625
83.75
85.00
83.25
88.00
89.1875
87.875
89.125
87.50
85.375
84.25
85.625
85.25
81.50
80.625
81.375
79.125
80.125
80.00
79.875
81.375
81.50
80.25
82.125
81.875
78.875
79.625
79.75
77.625
75.375
75.625
76.50
76.625
77.375
75.50
71.75
72.125
71.625
69.50
70.25
70.625
69.875
70.25
71.00
71.75
72.50
73.625
72.875
72.75
73.25
71.375
70.50
71.25
70.125
70.50
70.00
71.75
69.375
68.625
67.875
68.50
65.75
64.375
63.25
63.625
63.25
63.125
61.875
61.375
61.375
61.25
59.75
60.50
60.75
60.875
60.125
62.125
62.00
62.00
62.125
61.25
60.75
60.125
59.50
58.75
59.375
59.125
60.125
60.125
60.875
61.625
63.00
61.00
62.875
64.50
64.875
64.75
63.25
62.00
61.25
61.125
60.625
60.875
59.875
60.875
60.25
61.50
61.875
60.875
60.75
61.00
60.625
61.50
60.25
62.625
63.375
63.625
63.375
62.50
63.375
63.125
62.50
63.125
63.50
63.25
63.375
62.75
62.625
64.25
63.625
62.50
61.75
61.625
63.25
64.50
64.125
64.625
64.75
64.50
62.75
62.25
63.50
64.25
61.875
61.50
62.625
63.00
62.75
62.75
62.25
61.625
61.125
59.875
58.75
59.50
59.25
58.25
56.625
55.25
56.00
57.25
56.625
55.875
55.125
54.375
54.625
55.50
54.875
56.00
56.125
56.50
56.875
56.625
55.50
56.00
56.875
57.25
56.3125
56.875
57.125
58.00
57.625
57.75
56.375
57.125
56.125
57.00
56.25
55.875
56.50
57.00
58.375
57.00
57.375
56.375
55.875
55.50
54.625
55.00
55.875
55.875
55.375
54.875
55.50
55.375
53.875
53.50
53.00
52.375
52.625
53.50
53.75
53.75
51.625
49.875
49.50
50.375
51.125
50.625
48.50
48.625
50.00
50.625
51.50
48.75
49.375
48.25
48.25
49.625
49.875
48.50
48.5625
50.375
51.625
51.75
51.375
52.00
49.75
50.00
51.50
52.75
52.125
52.50
53.50
54.25
53.625
53.125
52.625
52.25
51.875
53.625
54.00
52.625
52.50
53.25
53.50
52.25
51.75
52.75
51.00
51.25
49.00
98.00
97.25
95.25
95.00
96.25
97.50
93.50
94.00
93.00
91.75
93.25
95.25
93.75
95.25
92.75
92.00
95.25
94.50
92.00
92.00
89.50
88.50
87.00
84.75
83.50
84.50
84.75
86.75
87.00
89.75
89.25
87.50
85.25
82.50
83.50
82.75
86.50
87.50
87.00
85.75
85.25
82.25
85.00
84.50
84.75
85.00
84.00
82.50
81.00
81.50
81.25
81.25
81.25
81.00
83.00
81.75
83.00
81.25
80.25
80.00
79.75
80.00
78.50
79.00
80.25
79.75
79.00
79.25
79.75
78.50
80.50
79.75
84.00
84.25
84.75
85.00
85.25
84.50
84.00
85.00
85.25
86.00
86.25
83.25
83.75
85.25
85.25
85.50
84.75
85.00
85.00
85.00
84.25
82.625
80.25
80.25
80.50
81.00
81.75
82.75
80.50
80.75
81.00
82.25
82.00
81.00
80.50
80.00
80.00
81.00
81.50
81.25
83.50
83.00
85.00
85.00
83.75
82.00
80.50
78.50
79.00
79.00
77.50
77.75
79.75
79.75
80.75
82.75
81.00
82.00
81.75
81.25
80.00
79.00
79.00
76.25
78.75
80.00
81.25
80.25
79.50
79.75
79.50
80.50
80.50
79.25
78.75
80.50
82.00
81.00
82.25
83.75
83.75
84.25
84.50
84.25
85.00
83.25
82.75
82.50
82.50
82.75
83.75
82.25
81.75
78.50
77.25
76.00
75.50
76.25
75.50
76.75
75.75
76.00
78.50
77.00
75.00
74.00
75.75
76.50
77.25
75.25
73.75
72.50
72.25
73.50
75.00
76.50
75.50
73.50
77.25
77.75
78.00
75.75
74.00
72.50
71.25
73.00
73.25
74.75
73.50
73.25
73.00
74.75
73.00
78.00
76.00
78.50
78.25
77.00
80.75
78.50
79.25
79.50
83.25
84.25
83.00
84.00
84.75
85.00
84.00
82.125
86.75
87.25
88.25
89.25
90.25
88.75
88.50
88.25
88.00
89.25
88.75
90.50
91.50
92.75
93.00
91.00
91.75
91.25
92.75
93.00
94.25
94.00
95.75
95.75
93.00
93.50
95.00
91.50
91.75
92.25
93.50
92.25
90.75
86.75
85.75
86.00
85.75
87.50
88.25
88.50
87.25
89.00
88.00
86.75
85.50
85.00
85.75
83.00
80.50
81.50
83.00
84.50
86.75
86.75
87.00
87.25
88.00
89.00
90.25
88.75
90.00
90.00
91.75
88.75
91.75
92.50
91.25
88.50
86.75
88.00
86.50
83.25
83.50
83.25
85.75
85.75
86.75
88.25
89.25
86.00
85.25
84.50
84.00
82.625
83.50
84.75
84.75
81.75
83.75
84.25
82.50
79.00
78.00
79.75
81.875
81.25
81.00
82.875
85.25
86.25
84.50
86.75
88.50
84.75
87.75
89.50
87.375
86.25
87.50
86.25
87.50
88.50
89.25
89.75
87.75
88.50
89.00
89.50
87.50
92.25
89.50
89.00
87.25
87.25
89.00
87.00
85.00
85.00
86.00
86.75
87.25
87.25
87.25
88.00
91.00
89.75
89.00
87.25
86.50
87.25
86.75
88.50
90.00
91.75
93.75
92.00
91.50
90.75
93.00
92.75
92.50
91.50
92.00
91.25
90.25
94.00
92.25
90.50
92.875
93.00
93.50
93.75
92.75
92.00
92.75
91.75
89.00
88.25
89.50
89.00
89.875
88.75
88.25
90.00
88.50
90.25
90.00
88.25
88.25
85.00
84.75
83.25
84.375
84.75
83.00
83.50
82.25
82.50
82.25
78.50
79.25
80.00
79.75
77.00
76.50
80.25
79.25
77.75
79.00
78.75
81.25
80.50
79.75
81.50
79.75
78.50
78.25
76.75
76.00
76.25
75.75
74.50
74.00
74.25
73.50
72.00
70.25
68.75
69.625
70.50
69.50
69.50
69.00
70.75
71.00
71.25
71.75
71.25
71.00
71.50
71.50
73.75
74.00
72.75
73.50
73.50
74.50
73.50
72.75
71.125
69.75
71.75
